name: 9R
inner_cutoff: 0.8
outer_cutoff: 1.1

scale: 0.7071067811865475

cell:
  - [0.5, -0.28867513459481288225, 2.4494897427831780982]
  - [0.0, 0.57735026918962576451, 2.4494897427831780982]
  - [-0.5, -0.28867513459481288225, 2.4494897427831780982]

coordinate_mode: cartesian

basis:
  - species: 1
    position: [0.0, 0.0, 0.0]
  - species: 1
    position: [0.0, 0.0, 1.63299316185545206546]
  - species: 1
    position: [0.0, 0.0, -1.63299316185545206546]
